[COMMON]
TARGET CURRENCY = EUR
YEAR = 2023

[EXCHANGE RATES]
EUR/CAD = 0.66899
EUR/USD = 0.96256
EUR/GBP = 1.20601
EUR/HKD = 0.12394
EUR/PLN = 0.23392

