[COMMON]
TARGET CURRENCY = EUR
YEAR = 2023

[EXCHANGE RATES]
EUR/CAD = 0.68297
EUR/USD = 0.90498
EUR/GBP = 1.15068
EUR/HKD = 0.11586
EUR/PLN = 0.23044

